[cosmological_parameters]
omega_m  =  0.2    0.2935148566413599    0.4
h0  =  0.5    0.73800089258391999    1.0
w  =  -1.0
omega_b  =  0.04
omega_k  =  0.0


